TELEGRAM__BOT_TOKEN=12345:token
TELEGRAM__USER_ID=123456789
UPDATE_INTERVAL=60
ADDRESS_LATITUDE=55.7381250
ADDRESS_LONGITUDE=37.6287290
